3.208581999999999823e+01
4.247558000000000078e+01
2.169256999999999991e+01
3.213188999999999851e+01
4.249553999999999832e+01
2.169660000000000011e+01
3.216693999999999676e+01
4.253014999999999901e+01
2.170891999999999911e+01
3.219581999999999766e+01
4.257345999999999719e+01
2.172695999999999827e+01
3.221305999999999869e+01
4.262527000000000044e+01
2.174820000000000064e+01
3.222979000000000127e+01
4.267027999999999821e+01
2.176582000000000150e+01
3.224374000000000251e+01
4.270955000000000013e+01
2.178068000000000026e+01
3.225556000000000267e+01
4.274374000000000251e+01
2.179001999999999839e+01
3.226615999999999929e+01
4.276624000000000336e+01
2.179787999999999926e+01
