1.924502391141539093e+01
2.600143999011047669e+01
1.681912544913345542e+01
1.926203767985535009e+01
2.602037176089613624e+01
1.682702965139941398e+01
1.927333373894745350e+01
2.603914747959532150e+01
1.683276002562244145e+01
1.927485754160164078e+01
2.605399457369898997e+01
1.683513712298968201e+01
1.927130021810932092e+01
2.608122049093694628e+01
1.684252881837934979e+01
1.926458115859438180e+01
2.609506928330470998e+01
1.684959503317362817e+01
1.925917020518432565e+01
2.609567839722510385e+01
1.685577916496749395e+01
1.925377371816894012e+01
2.608493268968465983e+01
1.685577216900980702e+01
1.925236525819010325e+01
2.607792353828817866e+01
1.685753706808377217e+01
