-6.620089362144027448e-03
3.311916275739023446e-02
-2.258596096961333899e-01
1.746757874603476271e-02
1.630430771549347679e-01
-2.963045236626319356e-01
-1.002437383350869987e-01
1.794705859742142806e-01
4.039660820372774630e-01
2.974433696329847193e-02
-2.091553053316425881e-01
-1.249499549388189967e-01
1.155268173659768915e-01
-1.658614891637775202e-01
8.541624042682026408e-02
-8.343783661307696553e-02
3.402692132423882909e-01
2.856867125166172028e-01
5.565232505199720764e-02
-1.146644073837689431e-01
-6.535739976929226813e-01
-4.337332601210671518e-02
-6.647963542626663669e-01
2.266295956624457819e-01
-7.405046396134738751e-02
5.811258682278953591e-01
1.526030982721959528e-01
