-6.570212796747829653e-01
1.656020313720272252e-01
-3.275942295164224194e-01
4.681928389546720637e-01
-4.372127822546661435e-01
6.989713186880145424e-01
8.358773927036949880e-01
-3.414896246798658774e-01
1.612273251891092052e+00
-6.540096387753067120e-01
1.146137310862563652e+00
-2.547513691318663120e+00
-6.945003077965321570e-01
-8.875207110872016525e-01
4.047821208144547662e-03
-3.078448464939743112e-01
-1.132415298833347600e-01
5.253360757457079089e+00
-1.827051094574508316e-02
7.611568867814996198e-01
-7.058307572917719597e+00
-3.535989435476749598e-02
-3.276044336807357737e-01
9.587303922580493465e-01
1.397731698421886382e+00
2.179797406400786119e+00
1.504128898402805348e+01
