1.103606501895666270e+01
5.809382806463442295e-01
3.212157225417233519e+01
9.916022807966294594e-02
6.898100520809758329e+00
-4.674691452983135598e+00
-4.962690740892354846e+00
-2.536616825383537499e+00
-4.793670199566848034e+00
-4.781835688282541241e+00
-5.077581364084930549e+00
-5.063213523275597261e+00
-5.809513063595233007e+00
-2.417697283134856878e+00
-2.591502082518302608e+00
-2.580201010165637854e+00
-2.412546585859270287e+00
-2.811114048133716015e+00
-2.748650578758631280e+00
-2.775308688394439560e+00
-2.637941236157621105e+00
-1.969437627839776273e+00
-1.979191920619012279e+00
-1.777383536362703076e+00
-1.177851595894499281e+00
-2.120684247387017329e+00
-1.578353401231335162e+00
-7.680683596185430950e+00
-1.256497867005235136e+00
-2.020162118686538832e+00
-6.161040112574621475e+00
-4.345189127478850111e+00
-4.986969513939418341e+00
-6.198300816658823820e+00
-6.237421138941114940e+00
-6.247534566146605961e+00
-5.941054865458635703e+00
-2.336020386654921399e+00
-2.667788211609996019e+00
-2.295820041314726723e+00
-2.081564237356061220e+00
-2.809656434371686995e+00
-2.711374746410010861e+00
-2.523334171078959187e+00
-2.749459864613428728e+00
-4.092775949564908977e+00
-2.176498877440597557e+00
-2.048970719682451591e+00
-2.225931270430064668e+00
-2.029082819162113083e+00
-2.414918302990173071e+00
-4.954314108518053317e+00
-6.899259546801286724e+00
-6.445191968007890182e+00
-6.945423686727928647e+00
-7.029306690702104454e+00
-6.643810737267679123e+00
-6.154517511692037424e+00
-8.251745690448657911e+00
-7.901036649502136910e+00
-8.013332411630580410e+00
-8.155330663230687449e+00
-7.796064726384877019e+00
-2.134532217606573690e-01
-6.312883228624972531e-01
-1.102016592981615029e+00
-2.108914198749557212e+00
-6.010358937956079561e-01
-1.631226453800080023e+00
-7.845338621993382944e-01
-1.127277713783470192e+00
-5.590796522805393520e-01
-5.507137064789402459e-01
-6.438369320005867813e-01
-1.448246337787598259e+00
-9.023377780716660412e-01
-9.036706400415686069e-01
-5.070631317865081922e-01
-1.629364768716930811e+00
-7.571895672073970518e-01
-8.092113205826015898e-01
-1.115992010968783754e+00
-8.202008509983708118e-01
-3.958269442117022252e-01
-5.418878837659716341e-01
-1.022790559877984728e+00
-8.473111475676429194e-01
-1.016622132695738978e+00
-1.058122153312105684e+00
-1.142616510139392361e+00
-2.328690809094970504e+00
-1.066475543695292405e+00
-6.465007842389036696e-01
-7.041385962749531213e-01
-8.053427078198909239e-01
-1.004402314523200834e+00
-8.359229695958940720e-01
-1.325863473935255277e+00
-9.319577335238681259e-01
-1.002346276260855040e+00
-1.053611653733309339e+00
-6.926680245245195877e-01
-1.300183657510898261e+00
-6.041813341236466073e-01
-9.433939739188396123e-01
