-1.177625367798359335e+01
2.958388882822572397e-01
1.131231638955046970e+00
5.678667299441827687e+00
-4.528791323016845283e+00
-4.698908821544085512e+00
-5.100442857566947374e+00
-2.571950659053690025e+00
-5.012336823335441949e+00
-4.824447389052527235e+00
-5.175813477462949841e+00
-5.142070280785127068e+00
-5.889380166845509024e+00
-2.486701637628194295e+00
-2.637948122668751338e+00
-2.622355699677185736e+00
-2.486307018985650430e+00
-2.860015812661237167e+00
-2.812135755859721531e+00
-2.838400420552142478e+00
-2.698794201030407791e+00
-2.018044666655494535e+00
-2.051020763493363042e+00
-1.644147624914976458e+00
-1.167794526615978601e+00
-2.403035375491232362e+00
-1.514264909459559494e+00
-7.790652705678951406e+00
-1.221437764725426423e+00
-2.135696744805471781e+00
-6.299399209689187096e+00
-4.398834611953795992e+00
-5.093918419332558400e+00
-6.311697521590944326e+00
-6.455581533418995654e+00
-6.369078520341510341e+00
-5.973542296948553876e+00
-2.434177800902589173e+00
-2.704059690116890735e+00
-2.479098026664633192e+00
-1.924921006115927424e+00
-2.893319779935896729e+00
-2.770465556853905387e+00
-2.629665818065759719e+00
-2.824537828206263868e+00
-4.150265860397170492e+00
-2.083326530884071826e+00
-2.104476044580500638e+00
-2.272350059241051934e+00
-2.075585955889100553e+00
-2.497149858739431405e+00
-5.058652296681589888e+00
-6.938113293835885820e+00
-6.734988716133123887e+00
-7.033066890477749133e+00
-7.201066921960276090e+00
-6.707190205795576787e+00
-6.287626085073068971e+00
-8.375204779366111296e+00
-8.008372861496111383e+00
-8.120191572848355577e+00
-8.284913876278382716e+00
-8.113369023285779136e+00
-2.130433960841623398e-01
-6.569065841179615450e-01
-1.125470044145758353e+00
-2.136762987130349956e+00
-6.170258248334251627e-01
-1.655394306167086382e+00
-8.057503070469452799e-01
-1.140422606206552780e+00
-5.743657793308619697e-01
-5.608792386537431174e-01
-6.505016469738725826e-01
-1.460517268526785095e+00
-9.246246073107503571e-01
-9.210865647983296212e-01
-5.138468507190794288e-01
-1.652191430085407475e+00
-7.689575927117764387e-01
-8.135270429652420310e-01
-1.125660591756852513e+00
-8.310040628285279007e-01
-3.990187430841110050e-01
-5.541259750965276121e-01
-1.048488253365177370e+00
-8.715168451158599172e-01
-1.034541849553507253e+00
-1.107231792386045521e+00
-1.155896106013838187e+00
-2.361535827188912418e+00
-1.083378873094244188e+00
-6.490689574761934200e-01
-7.262665376117799498e-01
-8.207444574979209095e-01
-1.017941724521850499e+00
-8.426397912864979078e-01
-1.324508904207360560e+00
-9.534915207972042284e-01
-1.021557247643408495e+00
-1.071641202757824152e+00
-8.117550415411444176e-01
-1.321843934369819173e+00
-6.137662322019482586e-01
-9.631535640710862101e-01
